13 17
0 1
0 2
1 3
2 3
3 4
3 6
4 5
6 5
5 7
5 9
7 8
9 8
3 10
5 10
4 11
4 12
11 12
K) OUTPUT:
3 0 4 5#

8 13
0 1
0 2
1 2
1 3
1 4
1 7
2 3
3 4
3 5
4 5
4 6
4 7
6 7
A) OUTPUT:
2 1 4#

14 18
0 1
1 2
2 3
3 4
4 5
5 6
6 7
7 8
8 9
9 0
6 10
10 8
8 11
11 1
1 12
12 3
3 13
13 6
B) OUTPUT:
2 1 6#

5 8
0 2
2 3
3 4
4 2
4 1
1 2
3 0
0 1
C) OUTPUT:
2 0 2#

7 11
0 1
1 2
2 3
3 4
4 5
5 0
5 1
5 2
5 3
2 6
3 6
D) OUTPUT:
2 2 5#

5 8
0 2
2 3
3 4
4 2
4 1
1 2
3 0
0 1
E) OUTPUT:
2 0 2#

5 6
0 1
1 2
2 3
3 4
4 1
4 2
F) OUTPUT:
1 2#

13 19
0 1
1 2
0 2
1 3
2 3
2 4
3 4
4 5
5 6
5 7
6 7
8 9
9 10
8 10
9 12
8 11
11 12
11 10
10 12
G) OUTPUT:
4 2 7 10 11#

6 7
0 1
0 2
1 2
2 3
3 4
3 5
4 5
H) OUTPUT:
2 0 3#

12 14
0 1
1 2
2 3
3 0
3 4
4 1
4 5
4 6
6 9
6 10
9 10
9 11
4 7
4 8
I) OUTPUT:
2 6 1#

17 20
0 1
0 2
1 2
2 3
3 4
4 5
5 6
4 9
9 10
4 13
13 14
6 7
6 8
7 8
10 11
10 12
11 12
14 15
14 16
15 16
J) OUTPUT:
4 0 6 10 14#

13 17
0 1
0 2
1 3
2 3
3 4
3 6
4 5
6 5
5 7
5 9
7 8
9 8
3 10
5 10
4 11
4 12
11 12
K) OUTPUT:
3 0 4 5#

10 45
5 9
4 7
1 3
4 8
5 6
2 8
6 9
0 7
8 9
2 6
1 6
3 7
2 5
0 3
5 8
1 2
6 7
2 9
1 5
3 6
0 4
7 9
0 1
4 6
4 5
1 4
3 9
0 5
1 9
4 9
0 8
3 5
2 7
6 8
7 8
5 7
2 4
3 8
0 6
1 8
1 7
0 9
2 3
3 4
0 2
OUTPUT:
8 0 1 2 3 4 5 6 7#